0000 0001 4275 6431 0000 2000 0000 0800
0000 2000 0000 100c 0000 0000 0000 0000
0000 0000 0000 0000 0000 0000 0000 0800
0000 0800 0000 0000 0000 0000 0000 0000
0000 0000 0000 0002 0000 0000 0000 003c
0000 0001 0000 1000 0065 006e 0061 002e
0070 0079 0000 0000 0000 0000 0000 0000
0000 0000 0000 0000 0000 0000 0000 0000
0000 0000 0000 0000 0000 0000 0000 0000
0000 0000 0000 0000 0000 0000 0000 0000
0000 0000 0000 0000 0000 0000 0000 0000
0000 0000 0000 0000 0000 0000 0000 0000
0000 0000 0000 0000 0000 0000 0000 0000
0000 0000 0000 0000 0000 0000 0000 0000
0000 0000 0000 0000 0000 0000 0000 0000
0000 0000 0000 0000 0000 0000 0000 0000
0000 0000 0000 0000 0000 0000 0000 0000
0000 0000 0000 0000 0000 0000 0000 0000
0000 0000 0000 0000 0000 0000 0000 0000
0000 0000 0000 0000 0000 0000 0000 0000
0000 0000 0000 0000 0000 0000 0000 0000
0000 0000 0000 0000 0000 0000 0000 0000
0000 0000 0000 0000 0000 0000 0000 0000
0000 0000 0000 0000 0000 0000 0000 0000
0000 0000 0000 0000 0000 0000 0000 0000
0000 0000 0000 0000 0000 0000 0000 0000
0000 0000 0000 0000 0000 0000 0000 0000
0000 0000 0000 0000 0000 0000 0000 0000
0000 0000 0000 0000 0000 0000 0000 0000
0000 0000 0000 0000 0000 0000 0000 0000
0000 0000 0000 0000 0000 0000 0000 0000
0000 0000 0000 0000 0000 0000 0000 0000
0000 0000 0000 0000 0000 0000 0000 0000
0000 0000 0000 0000 0000 0000 0000 0000
0000 0000 0000 0000 0000 0000 0000 0000
0000 0000 0000 0000 0000 0000 0000 0000
0000 0000 0000 0000 0000 0000 0000 0000
0000 0000 0000 0000 0000 0000 0000 0000
0000 0000 0000 0000 0000 0000 0000 0000
0000 0000 0000 0000 0000 0000 0000 0000
0000 0000 0000 0000 0000 0000 0000 0000
0000 0000 0000 0000 0000 0000 0000 0000
0000 0000 0000 0000 0000 0000 0000 0000
0000 0000 0000 0000 0000 0000 0000 0000
0000 0000 0000 0000 0000 0000 0000 0000
0000 0000 0000 0000 0000 0000 0000 0000
0000 0000 0000 0000 0000 0000 0000 0000
0000 0000 0000 0000 0000 0000 0000 0000
0000 0000 0000 0000 0000 0000 0000 0000
0000 0000 0000 0000 0000 0000 0000 0000
0000 0000 0000 0000 0000 0000 0000 0000
0000 0000 0000 0000 0000 0000 0000 0000
0000 0000 0000 0000 0000 0000 0000 0000
0000 0000 0000 0000 0000 0000 0000 0000
0000 0000 0000 0000 0000 0000 0000 0000
0000 0000 0000 0000 0000 0000 0000 0000
0000 0000 0000 0000 0000 0000 0000 0000
0000 0000 0000 0000 0000 0000 0000 0000
0000 0000 0000 0000 0000 0000 0000 0000
0000 0000 0000 0000 0000 0000 0000 0000
0000 0000 0000 0000 0000 0000 0000 0000
0000 0000 0000 0000 0000 0000 0000 0000
0000 0000 0000 0000 0000 0000 0000 0000
0000 0000 0000 0000 0000 0000 0000 0000
0000 0000 0000 0000 0000 0000 0000 0000
0000 0000 0000 0000 0000 0000 0000 0000
0000 0000 0000 0000 0000 0000 0000 0000
0000 0000 0000 0000 0000 0000 0000 0000
0000 0000 0000 0000 0000 0000 0000 0000
0000 0000 0000 0000 0000 0000 0000 0000
0000 0000 0000 0000 0000 0000 0000 0000
0000 0000 0000 0000 0000 0000 0000 0000
0000 0000 0000 0000 0000 0000 0000 0000
0000 0000 0000 0000 0000 0000 0000 0000
0000 0000 0000 0000 0000 0000 0000 0000
0000 0000 0000 0000 0000 0000 0000 0000
0000 0000 0000 0000 0000 0000 0000 0000
0000 0000 0000 0000 0000 0000 0000 0000
0000 0000 0000 0000 0000 0000 0000 0000
0000 0000 0000 0000 0000 0000 0000 0000
0000 0000 0000 0000 0000 0000 0000 0000
0000 0000 0000 0000 0000 0000 0000 0000
0000 0000 0000 0000 0000 0000 0000 0000
0000 0000 0000 0000 0000 0000 0000 0000
0000 0000 0000 0000 0000 0000 0000 0000
0000 0000 0000 0000 0000 0000 0000 0000
0000 0000 0000 0000 0000 0000 0000 0000
0000 0000 0000 0000 0000 0000 0000 0000
0000 0000 0000 0000 0000 0000 0000 0000
0000 0000 0000 0000 0000 0000 0000 0000
0000 0000 0000 0000 0000 0000 0000 0000
0000 0000 0000 0000 0000 0000 0000 0000
0000 0000 0000 0000 0000 0000 0000 0000
0000 0000 0000 0000 0000 0000 0000 0000
0000 0000 0000 0000 0000 0000 0000 0000
0000 0000 0000 0000 0000 0000 0000 0000
0000 0000 0000 0000 0000 0000 0000 0000
0000 0000 0000 0000 0000 0000 0000 0000
0000 0000 0000 0000 0000 0000 0000 0000
0000 0000 0000 0000 0000 0000 0000 0000
0000 0000 0000 0000 0000 0000 0000 0000
0000 0000 0000 0000 0000 0000 0000 0000
0000 0000 0000 0000 0000 0000 0000 0000
0000 0000 0000 0000 0000 0000 0000 0000
0000 0000 0000 0000 0000 0000 0000 0000
0000 0000 0000 0000 0000 0000 0000 0000
0000 0000 0000 0000 0000 0000 0000 0000
0000 0000 0000 0000 0000 0000 0000 0000
0000 0000 0000 0000 0000 0000 0000 0000
0000 0000 0000 0000 0000 0000 0000 0000
0000 0000 0000 0000 0000 0000 0000 0000
0000 0000 0000 0000 0000 0000 0000 0000
0000 0000 0000 0000 0000 0000 0000 0000
0000 0000 0000 0000 0000 0000 0000 0000
0000 0000 0000 0000 0000 0000 0000 0000
0000 0000 0000 0000 0000 0000 0000 0000
0000 0000 0000 0000 0000 0000 0000 0000
0000 0000 0000 0000 0000 0000 0000 0000
0000 0000 0000 0000 0000 0000 0000 0000
0000 0000 0000 0000 0000 0000 0000 0000
0000 0000 0000 0000 0000 0000 0000 0000
0000 0000 0000 0000 0000 0000 0000 0000
0000 0000 0000 0000 0000 0000 0000 0000
0000 0000 0000 0000 0000 0000 0000 0000
0000 0000 0000 0000 0000 0000 0000 0000
0000 0000 0000 0000 0000 0000 0000 0000
0000 0000 0000 0000 0000 0000 0000 0000
0000 0000 0000 0000 0000 0000 0000 0000
0000 0000 0000 0001 0000 0000 0000 080b
0000 0000 0000 0000 0000 0000 0000 0000
0000 0000 0000 0000 0000 0000 0000 0000
0000 0000 0000 0000 0000 0000 0000 0000
0000 0000 0000 0000 0000 0000 0000 0000
0000 0000 0000 0000 0000 0000 0000 0000
0000 0000 0000 0000 0000 0000 0000 0000
0000 0000 0000 0000 0000 0000 0000 0000
0000 0000 0000 0000 0000 0000 0000 0000
0000 0000 0000 0000 0000 0000 0000 0000
0000 0000 0000 0000 0000 0000 0000 0000
0000 0000 0000 0000 0000 0000 0000 0000
0000 0000 0000 0000 0000 0000 0000 0000
0000 0000 0000 0000 0000 0000 0000 0000
0000 0000 0000 0000 0000 0000 0000 0000
0000 0000 0000 0000 0000 0000 0000 0000
0000 0000 0000 0000 0000 0000 0000 0000
0000 0000 0000 0000 0000 0000 0000 0000
0000 0000 0000 0000 0000 0000 0000 0000
0000 0000 0000 0000 0000 0000 0000 0000
0000 0000 0000 0000 0000 0000 0000 0000
0000 0000 0000 0000 0000 0000 0000 0000
0000 0000 0000 0000 0000 0000 0000 0000
0000 0000 0000 0000 0000 0000 0000 0000
0000 0000 0000 0000 0000 0000 0000 0000
0000 0000 0000 0000 0000 0000 0000 0000
0000 0000 0000 0000 0000 0000 0000 0000
0000 0000 0000 0000 0000 0000 0000 0000
0000 0000 0000 0000 0000 0000 0000 0000
0000 0000 0000 0000 0000 0000 0000 0000
0000 0000 0000 0000 0000 0000 0000 0000
0000 0000 0000 0000 0000 0000 0000 0000
0000 0000 0000 0000 0000 0000 0000 0000
0000 0000 0000 0000 0000 0000 0000 0000
0000 0000 0000 0000 0000 0000 0000 0000
0000 0000 0000 0000 0000 0000 0000 0000
0000 0000 0000 0000 0000 0000 0000 0000
0000 0000 0000 0000 0000 0000 0000 0000
0000 0000 0000 0000 0000 0000 0000 0000
0000 0000 0000 0000 0000 0000 0000 0000
0000 0000 0000 0000 0000 0000 0000 0000
0000 0000 0000 0000 0000 0000 0000 0000
0000 0000 0000 0000 0000 0000 0000 0000
0000 0000 0000 0000 0000 0000 0000 0000
0000 0000 0000 0000 0000 0000 0000 0000
0000 0000 0000 0000 0000 0000 0000 0000
0000 0000 0000 0000 0000 0000 0000 0000
0000 0000 0000 0000 0000 0000 0000 0000
0000 0000 0000 0000 0000 0000 0000 0000
0000 0000 0000 0000 0000 0000 0000 0000
0000 0000 0000 0000 0000 0000 0000 0000
0000 0000 0000 0000 0000 0000 0000 0000
0000 0000 0000 0000 0000 0000 0000 0000
0000 0000 0000 0000 0000 0000 0000 0000
0000 0000 0000 0000 0000 0000 0000 0000
0000 0000 0000 0000 0000 0000 0000 0000
0000 0000 0000 0000 0000 0000 0000 0000
0000 0000 0000 0000 0000 0000 0000 0000
0000 0000 0000 0000 0000 0000 0000 0000
0000 0000 0000 0000 0000 0000 0000 0000
0000 0000 0000 0000 0000 0000 0000 0000
0000 0000 0000 0000 0000 0000 0000 0000
0000 0000 0000 0000 0000 0000 0000 0000
0000 0000 0000 0000 0000 0000 0000 0000
0000 0000 0000 0000 0000 0000 0000 0000
0000 0000 0000 0000 0000 0000 0000 0000
0000 0000 0000 0001 0000 0020 0000 0001
0000 0040 0000 0001 0000 0080 0000 0001
0000 0100 0000 0001 0000 0200 0000 0001
0000 0400 0000 0000 0000 0001 0000 1000
0000 0001 0000 2000 0000 0001 0000 4000
0000 0001 0000 8000 0000 0001 0001 0000
0000 0001 0002 0000 0000 0001 0004 0000
0000 0001 0008 0000 0000 0001 0010 0000
0000 0001 0020 0000 0000 0001 0040 0000
0000 0001 0080 0000 0000 0001 0100 0000
0000 0001 0200 0000 0000 0001 0400 0000
0000 0001 0800 0000 0000 0001 1000 0000
0000 0001 2000 0000 0000 0001 4000 0000
0000 0000 0000 0000 0000 0000 0000 0000
0000 0000 0000 0000 0000 0000 0000 0000
0000 0000 0000 0000 0000 0000 0000 0000
0000 0000 0000 0000 0000 0000 0000 0000
0000 0000 0000 0000 0000 0000 0000 0000
0000 0000 0000 0000 0000 0000 0000 0000
0000 0000 0000 0000 0000 0000 0000 0000
0000 0000 0000 0000 0000 0000 0000 0000
0000 0000 0000 0000 0000 0000 0000 0000
0000 0000 0000 0000 0000 0000 0000 0000
0000 0000 0000 0000 0000 0000 0000 0000
0000 0000 0000 0000 0000 0000 0000 0000
0000 0000 0000 0000 0000 0000 0000 0000
0000 0000 0000 0000 0000 0000 0000 0000
0000 0000 0000 0000 0000 0000 0000 0000
0000 0000 0000 0000 0000 0000 0000 0000
0000 0000 0000 0000 0000 0000 0000 0000
0000 0000 0000 0000 0000 0000 0000 0000
0000 0000 0000 0000 0000 0000 0000 0000
0000 0000 0000 0000 0000 0000 0000 0000
0000 0000 0000 0000 0000 0000 0000 0000
0000 0000 0000 0000 0000 0000 0000 0000
0000 0000 0000 0000 0000 0000 0000 0000
0000 0000 0000 0000 0000 0000 0000 0000
0000 0000 0000 0000 0000 0000 0000 0000
0000 0000 0000 0000 0000 0000 0000 0000
0000 0000 0000 0000 0000 0000 0000 0000
0000 0000 0000 0000 0000 0000 0000 0000
0000 0000 0000 0000 0000 0000 0000 0000
0000 0000 0000 0000 0000 0000 0000 0000
0000 0000 0000 0000 0000 0000 0000 0000
0000 0000 0000 0000 0000 0000 0000 0000
0000 0000 0000 0000 0000 0000 0000 0000
0000 0000 0000 0000 0000 0000 0000 0000
0000 0000 0000 0000 0000 0000 0000 0000
0000 0000 0000 0000 0000 0000 0000 0000
0000 0000 0000 0000 0000 0000 0000 0000
0000 0000 0000 0000 0000 0000 0000 0000
0000 0000 0000 0000 0000 0000 0000 0000
0000 0000 0000 0000 0000 0000 0000 0000
0000 0000 0000 0000 0000 0000 0000 0000
0000 0000 0000 0000 0000 0000 0000 0000
0000 0000 0000 0000 0000 0000 0000 0000
0000 0000 0000 0000 0000 0000 0000 0000
0000 0000 0000 0000 0000 0000 0000 0000
0000 0000 0000 0000 0000 0000 0000 0000
0000 0000 0000 0000 0000 0000 0000 0000
0000 0000 0000 0000 0000 0000 0000 0000
0000 0000 0000 0000 0000 0000 0000 0000
0000 0000 0000 0000 0000 003c 0000 000a
005f 005f 0061 0073 0065 006e 0061 002e
0070 0079 496c 6f63 626c 6f62 0000 0010
0000 003b 0000 0028 ffff ffff ffff 0000
0000 000b 005f 005f 0068 0065 006c 0070
006d 0065 002e 0070 0079 496c 6f63 626c
6f62 0000 0010 0000 00a9 0000 0028 ffff
ffff ffff 0000 0000 000b 005f 005f 0069
006e 0069 0074 005f 005f 002e 0070 0079
496c 6f63 626c 6f62 0000 0010 0000 0117
0000 0028 ffff ffff ffff 0000 0000 000b
005f 005f 0070 006c 0075 0067 0069 006e
002e 0070 0079 496c 6f63 626c 6f62 0000
0010 0000 0185 0000 0028 ffff ffff ffff
0000 0000 0008 0061 0064 006d 0069 006e
002e 0070 0079 496c 6f63 626c 6f62 0000
0010 0000 01f3 0000 0028 ffff ffff ffff
0000 0000 0006 0061 0066 006b 002e 0070
0079 496c 6f63 626c 6f62 0000 0010 0000
003b 0000 0098 ffff ffff ffff 0000 0000
000a 0061 006e 0064 0072 006f 0069 0064
002e 0070 0079 496c 6f63 626c 6f62 0000
0010 0000 00a9 0000 0098 ffff ffff ffff
0000 0000 000f 0061 006e 0074 0069 005f
0073 0070 0061 006d 0062 006f 0074 002e
0070 0079 496c 6f63 626c 6f62 0000 0010
0000 0117 0000 0098 ffff ffff ffff 0000
0000 0007 0061 0072 0069 0061 002e 0070
0079 496c 6f63 626c 6f62 0000 0010 0000
0185 0000 0098 ffff ffff ffff 0000 0000
0007 0061 0075 0074 006f 002e 0070 0079
496c 6f63 626c 6f62 0000 0010 0000 01f3
0000 0098 ffff ffff ffff 0000 0000 0009
0061 0075 0074 006f 0070 0070 002e 0070
0079 496c 6f63 626c 6f62 0000 0010 0000
003b 0000 0108 ffff ffff ffff 0000 0000
0007 0063 0068 0061 0074 002e 0070 0079
496c 6f63 626c 6f62 0000 0010 0000 00a9
0000 0108 ffff ffff ffff 0000 0000 000a
0063 006f 0076 0069 0064 0031 0039 002e
0070 0079 496c 6f63 626c 6f62 0000 0010
0000 0117 0000 0108 ffff ffff ffff 0000
0000 000a 0064 0065 0065 0070 0066 0072
0079 002e 0070 0079 496c 6f63 626c 6f62
0000 0010 0000 0185 0000 0108 ffff ffff
ffff 0000 0000 000f 0064 0069 0072 0065
0063 0074 005f 006c 0069 006e 006b 0073
002e 0070 0079 496c 6f63 626c 6f62 0000
0010 0000 01f3 0000 0108 ffff ffff ffff
0000 0000 0009 0064 006f 0067 0062 0069
006e 002e 0070 0079 496c 6f63 626c 6f62
0000 0010 0000 003b 0000 0178 ffff ffff
ffff 0000 0000 0007 0065 0063 0065 006d
002e 0070 0079 496c 6f63 626c 6f62 0000
0010 0000 00a9 0000 0178 ffff ffff ffff
0000 0000 000d 0065 0076 0061 006c 0075
0061 0074 006f 0072 0073 002e 0070 0079
496c 6f63 626c 6f62 0000 0010 0000 0117
0000 0178 ffff ffff ffff 0000 0000 000c
0065 007a 0061 006e 0076 0061 006b 0074
0069 002e 0070 0079 496c 6f63 626c 6f62
0000 0010 0000 0185 0000 0178 ffff ffff
ffff 0000 0000 0009 0066 0069 006c 0074
0065 0072 002e 0070 0079 496c 6f63 626c
6f62 0000 0010 0000 01f3 0000 0178 ffff
ffff ffff 0000 0000 0009 0067 0064 0072
0069 0076 0065 002e 0070 0079 496c 6f63
626c 6f62 0000 0010 0000 003b 0000 01e8
ffff ffff ffff 0000 0000 0009 0067 0069
0074 0068 0075 0062 002e 0070 0079 496c
6f63 626c 6f62 0000 0010 0000 00a9 0000
01e8 ffff ffff ffff 0000 0000 0007 0068
0061 0073 0068 002e 0070 0079 496c 6f63
626c 6f62 0000 0010 0000 0117 0000 01e8
ffff ffff ffff 0000 0000 0009 006c 0061
0073 0074 0066 006d 002e 0070 0079 496c
6f63 626c 6f62 0000 0010 0000 0185 0000
01e8 ffff ffff ffff 0000 0000 0008 006c
006f 0063 006b 0073 002e 0070 0079 496c
6f63 626c 6f62 0000 0010 0000 01f3 0000
01e8 ffff ffff ffff 0000 0000 0008 006c
0079 0064 0069 0061 002e 0070 0079 496c
6f63 626c 6f62 0000 0010 0000 003b 0000
0258 ffff ffff ffff 0000 0000 0009 006c
0079 0072 0069 0063 0073 002e 0070 0079
496c 6f63 626c 6f62 0000 0010 0000 00a9
0000 0258 ffff ffff ffff 0000 0000 0008
006d 0065 006d 0065 0073 002e 0070 0079
496c 6f63 626c 6f62 0000 0010 0000 0117
0000 0258 ffff ffff ffff 0000 0000 0007
006d 0069 0073 0063 002e 0070 0079 496c
6f63 626c 6f62 0000 0010 0000 0185 0000
0258 ffff ffff ffff 0000 0000 0008 006e
006f 0074 0065 0073 002e 0070 0079 496c
6f63 626c 6f62 0000 0010 0000 01f3 0000
0258 ffff ffff ffff 0000 0000 0006 006f
0063 0072 002e 0070 0079 496c 6f63 626c
6f62 0000 0010 0000 003b 0000 02c8 ffff
ffff ffff 0000 0000 000b 0070 006d 0070
0065 0072 006d 0069 0074 002e 0070 0079
496c 6f63 626c 6f62 0000 0010 0000 00a9
0000 02c8 ffff ffff ffff 0000 0000 000a
0070 0072 006f 0066 0069 006c 0065 002e
0070 0079 496c 6f63 626c 6f62 0000 0010
0000 0117 0000 02c8 ffff ffff ffff 0000
0000 0008 0070 0075 0072 0067 0065 002e
0070 0079 496c 6f63 626c 6f62 0000 0010
0000 0185 0000 02c8 ffff ffff ffff 0000
0000 0009 0071 0072 0063 006f 0064 0065
002e 0070 0079 496c 6f63 626c 6f62 0000
0010 0000 01f3 0000 02c8 ffff ffff ffff
0000 0000 0009 0071 0075 006f 0074 006c
0079 002e 0070 0079 496c 6f63 626c 6f62
0000 0010 0000 003b 0000 0338 ffff ffff
ffff 0000 0000 000c 0072 0065 006d 006f
0076 0065 005f 0062 0067 002e 0070 0079
496c 6f63 626c 6f62 0000 0010 0000 00a9
0000 0338 ffff ffff ffff 0000 0000 000a
0072 0065 0076 0065 0072 0073 0065 002e
0070 0079 496c 6f63 626c 6f62 0000 0010
0000 0117 0000 0338 ffff ffff ffff 0000
0000 0009 0072 0065 0078 0074 0065 0073
0074 0065 0072 496c 6f63 626c 6f62 0000
0010 0000 0185 0000 0338 ffff ffff ffff
0000 0000 0006 0072 0067 0062 002e 0070
0079 496c 6f63 626c 6f62 0000 0010 0000
01f3 0000 0338 ffff ffff ffff 0000 0000
000b 0073 0061 006e 0067 006d 0061 0074
0061 002e 0070 0079 496c 6f63 626c 6f62
0000 0010 0000 003b 0000 03a8 ffff ffff
ffff 0000 0000 000b 0073 0063 0072 0061
0070 0065 0072 0073 002e 0070 0079 496c
6f63 626c 6f62 0000 0010 0000 00a9 0000
03a8 ffff ffff ffff 0000 0000 0010 0073
0063 0072 0065 0065 006e 0063 0061 0070
0074 0075 0072 0065 002e 0070 0079 496c
6f63 626c 6f62 0000 0010 0000 0117 0000
03a8 ffff ffff ffff 0000 0000 0006 0073
0065 0064 002e 0070 0079 496c 6f63 626c
6f62 0000 0010 0000 0185 0000 03a8 ffff
ffff ffff 0000 0000 0008 0073 006e 0069
0070 0073 002e 0070 0079 496c 6f63 626c
6f62 0000 0010 0000 01f3 0000 03a8 ffff
ffff ffff 0000 0000 0009 0073 006f 007a
006c 0075 006b 002e 0070 0079 496c 6f63
626c 6f62 0000 0010 0000 003b 0000 0418
ffff ffff ffff 0000 0000 000a 0073 0070
0061 006d 006d 0065 0072 002e 0070 0079
496c 6f63 626c 6f62 0000 0010 0000 00a9
0000 0418 ffff ffff ffff 0000 0000 000a
0073 0071 006c 005f 0068 0065 006c 0070
0065 0072 496c 6f63 626c 6f62 0000 0010
0000 0117 0000 0418 ffff ffff ffff 0000
0000 000a 0073 0071 006c 005f 0068 0065
006c 0070 0065 0072 6277 7370 626c 6f62
0000 00c9 6270 6c69 7374 3030 d701 0203
0405 0607 0808 0a0a 0a0d 0a5d 5368 6f77
5374 6174 7573 4261 725b 5368 6f77 5061
7468 6261 725b 5368 6f77 546f 6f6c 6261
725b 5368 6f77 5461 6256 6965 775f 1014
436f 6e74 6169 6e65 7253 686f 7753 6964
6562 6172 5c57 696e 646f 7742 6f75 6e64
735b 5368 6f77 5369 6465 6261 7208 0809
0909 5f10 187b 7b38 3933 2c20 3130 367d
2c20 7b37 3439 2c20 3733 377d 7d09 0817
2531 3d49 606d 797a 7b7c 7d7e 9900 0000
0000 0001 0100 0000 0000 0000 0f00 0000
0000 0000 0000 0000 0000 0000 9a00 0000
0a00 7300 7100 6c00 5f00 6800 6500 6c00
7000 6500 7276 5372 6e6c 6f6e 6700 0000
0100 0000 0b00 7300 7400 6900 6300 6b00
6500 7200 7300 2e00 7000 7949 6c6f 6362
6c6f 6200 0000 1000 0001 8500 0004 18ff
ffff ffff ff00 0000 0000 0f00 7300 7900
7300 7400 6500 6d00 5f00 7300 7400 6100
7400 7300 2e00 7000 7949 6c6f 6362 6c6f
6200 0000 1000 0001 f300 0004 18ff ffff
ffff ff00 0000 0000 0900 7400 6100 6700
6100 6c00 6c00 2e00 7000 7949 6c6f 6362
6c6f 6200 0000 1000 0000 3b00 0004 88ff
ffff ffff ff00 0000 0000 0700 7400 6900
6d00 6500 2e00 7000 7949 6c6f 6362 6c6f
6200 0000 1000 0000 a900 0004 88ff ffff
ffff ff00 0000 0000 0a00 7500 7000 6400
6100 7400 6500 7200 2e00 7000 7949 6c6f
6362 6c6f 6200 0000 1000 0001 1700 0004
88ff ffff ffff ff00 0000 0000 1200 7500
7000 6c00 6f00 6100 6400 5f00 6400 6f00
7700 6e00 6c00 6f00 6100 6400 2e00 7000
7949 6c6f 6362 6c6f 6200 0000 1000 0001
8500 0004 88ff ffff ffff ff00 0000 0000
0a00 7700 6500 6100 7400 6800 6500 7200
2e00 7000 7949 6c6f 6362 6c6f 6200 0000
1000 0001 f300 0004 88ff ffff ffff ff00
0000 0000 0b00 7700 6500 6c00 6300 6f00
6d00 6500 7300 2e00 7000 7949 6c6f 6362
6c6f 6200 0000 1000 0000 3b00 0004 f8ff
ffff ffff ff00 0000 0000 0800 7700 6800
6f00 6900 7300 2e00 7000 7949 6c6f 6362
6c6f 6200 0000 1000 0000 a900 0004 f8ff
ffff ffff ff00 0000 0000 0600 7700 7700
7700 2e00 7000 7949 6c6f 6362 6c6f 6200
0000 1000 0001 1700 0004 f8ff ffff ffff
ff00 0000 0000 0000 0000 0000 0000 0000
0000 0000 0000 0000 0000 0000 0000 0000
0000 0000 0000 0000 0000 0000 0000 0000
0000 0000 0000 0000 0000 0000 0000 0000
0000 0000 0000 0000 0000 0000 0000 0000
0000 0000 0000 0000 0000 0000 0000 0000
0000 0000 0000 0000 0000 0000 0000 0000
0000 0000 0000 0000 0000 0000 0000 0000
0000 0000 0000 0000 0000 0000 0000 0000
0000 0000 0000 0000 0000 0000 0000 0000
0000 0000 0000 0000 0000 0000 0000 0000
0000 0000 0000 0000 0000 0000 0000 0000
0000 0000 0000 0000 0000 0000 0000 0000
0000 0000 0000 0000 0000 0000 0000 0000
0000 0000 0000 0000 0000 0000 0000 0000
0000 0000 0000 0000 0000 0000 0000 0000
0000 0000 0000 0000 0000 0000 0000 0000
0000 0000 0000 0000 0000 0000 0000 0000
0000 0000 0000 0000 0000 0000 0000 0000
0000 0000 0000 0000 0000 0000 0000 0000
0000 0000 0000 0000 0000 0000 0000 0000
0000 0000 0000 0000 0000 0000 0000 0000
0000 0000 0000 0000 0000 0000 0000 0000
0000 0000 0000 0000 0000 0000 0000 0000
0000 0000 0000 0000 0000 0000 0000 0000
0000 0000 0000 0000 0000 0000 0000 0000
0000 0000 0000 0000 0000 0000 0000 0000
0000 0000 0000 0000 0000 0000 0000 0000
0000 0000 0000 0000 0000 0000 0000 0000
0000 0000 0000 0000 0000 0000 0000 0000
0000 0000 0000 0000 0000 0000 0000 0000
0000 0000 0000 0000 0000 0000 0000 0000
0000 0000 0000 0000 0000 0000 0000 0000
0000 0000 0000 0000 0000 0000 0000 0000
0000 0000 0000 0000 0000 0000 0000 0000
0000 0000 0000 0000 0000 0000 0000 0000
0000 0000 0000 0000 0000 0000 0000 0000
0000 0000 0000 0000 0000 0000 0000 0000
0000 0000 0000 0000 0000 0000 0000 0000
0000 0000 0000 0000 0000 0000 0000 0000
0000 0000 0000 0000 0000 0000 0000 0000
0000 0000 0000 0000 0000 0000 0000 0000
0000 0000 0000 0000 0000 0000 0000 0000
0000 0000 0000 0000 0000 0000 0000 0000
0000 0000 0000 0000 0000 0000 0000 0000
0000 0000 0000 0000 0000 0000 0000 0000
0000 0000 0000 0000 0000 0000 0000 0000
0000 0000 0000 0000 0000 0000 0000 0000
0000 0000 0000 0000 0000 0000 0000 0000
0000 0000 0000 0000 0000 0000 0000 0000
0000 0000 0000 0000 0000 0000 0000 0000
0000 0000 0000 0000 0000 0000 0000 0000
0000 0000 0000 0000 0000 0000 0000 0000
0000 0000 0000 0003 0000 0000 0000 200b
0000 0045 0000 100c 0000 0000 0000 0000
0000 0000 0000 0000 0000 0000 0000 0000
0000 0000 0000 0000 0000 0000 0000 0000
0000 0000 0000 0000 0000 0000 0000 0000
0000 0000 0000 0000 0000 0000 0000 0000
0000 0000 0000 0000 0000 0000 0000 0000
0000 0000 0000 0000 0000 0000 0000 0000
0000 0000 0000 0000 0000 0000 0000 0000
0000 0000 0000 0000 0000 0000 0000 0000
0000 0000 0000 0000 0000 0000 0000 0000
0000 0000 0000 0000 0000 0000 0000 0000
0000 0000 0000 0000 0000 0000 0000 0000
0000 0000 0000 0000 0000 0000 0000 0000
0000 0000 0000 0000 0000 0000 0000 0000
0000 0000 0000 0000 0000 0000 0000 0000
0000 0000 0000 0000 0000 0000 0000 0000
0000 0000 0000 0000 0000 0000 0000 0000
0000 0000 0000 0000 0000 0000 0000 0000
0000 0000 0000 0000 0000 0000 0000 0000
0000 0000 0000 0000 0000 0000 0000 0000
0000 0000 0000 0000 0000 0000 0000 0000
0000 0000 0000 0000 0000 0000 0000 0000
0000 0000 0000 0000 0000 0000 0000 0000
0000 0000 0000 0000 0000 0000 0000 0000
0000 0000 0000 0000 0000 0000 0000 0000
0000 0000 0000 0000 0000 0000 0000 0000
0000 0000 0000 0000 0000 0000 0000 0000
0000 0000 0000 0000 0000 0000 0000 0000
0000 0000 0000 0000 0000 0000 0000 0000
0000 0000 0000 0000 0000 0000 0000 0000
0000 0000 0000 0000 0000 0000 0000 0000
0000 0000 0000 0000 0000 0000 0000 0000
0000 0000 0000 0000 0000 0000 0000 0000
0000 0000 0000 0000 0000 0000 0000 0000
0000 0000 0000 0000 0000 0000 0000 0000
0000 0000 0000 0000 0000 0000 0000 0000
0000 0000 0000 0000 0000 0000 0000 0000
0000 0000 0000 0000 0000 0000 0000 0000
0000 0000 0000 0000 0000 0000 0000 0000
0000 0000 0000 0000 0000 0000 0000 0000
0000 0000 0000 0000 0000 0000 0000 0000
0000 0000 0000 0000 0000 0000 0000 0000
0000 0000 0000 0000 0000 0000 0000 0000
0000 0000 0000 0000 0000 0000 0000 0000
0000 0000 0000 0000 0000 0000 0000 0000
0000 0000 0000 0000 0000 0000 0000 0000
0000 0000 0000 0000 0000 0000 0000 0000
0000 0000 0000 0000 0000 0000 0000 0000
0000 0000 0000 0000 0000 0000 0000 0000
0000 0000 0000 0000 0000 0000 0000 0000
0000 0000 0000 0000 0000 0000 0000 0000
0000 0000 0000 0000 0000 0000 0000 0000
0000 0000 0000 0000 0000 0000 0000 0000
0000 0000 0000 0000 0000 0000 0000 0000
0000 0000 0000 0000 0000 0000 0000 0000
0000 0000 0000 0000 0000 0000 0000 0000
0000 0000 0000 0000 0000 0000 0000 0000
0000 0000 0000 0000 0000 0000 0000 0000
0000 0000 0000 0000 0000 0000 0000 0000
0000 0000 0000 0000 0000 0000 0000 0000
0000 0000 0000 0000 0000 0000 0000 0000
0000 0000 0000 0000 0000 0000 0000 0000
0000 0000 0000 0000 0000 0000 0000 0000
0000 0000 0000 0000 0000 0000 0000 0001
0444 5344 4200 0000 0100 0000 0000 0000
0000 0000 0000 0000 0000 0000 0000 0000
0200 0000 2000 0000 6000 0000 0000 0000
0100 0000 8000 0000 0100 0001 0000 0000
0100 0002 0000 0000 0100 0004 0000 0000
0200 0008 0000 0028 0000 0000 0100 0030
0000 0000 0000 0000 0100 0040 0000 0000
0100 0080 0000 0000 0100 0100 0000 0000
0100 0200 0000 0000 0100 0400 0000 0000
0100 0800 0000 0000 0100 1000 0000 0000
0100 2000 0000 0000 0100 4000 0000 0000
0100 8000 0000 0000 0101 0000 0000 0000
0102 0000 0000 0000 0104 0000 0000 0000
0108 0000 0000 0000 0110 0000 0000 0000
0120 0000 0000 0000 0140 0000 0000 0000
00e8 ffff ffff ffff 0000 0000 0008 006c
0079 0064 0069 0061 002e 0070 0079 496c
6f63 626c 6f62 0000 0010 0000 003b 0000
0258 ffff ffff ffff 0000 0000 0009 006c
0079 0072 0069 0063 0073 002e 0070 0079
496c 6f63 626c 6f62 0000 0010 0000 00a9
0000 0258 ffff ffff ffff 0000 0000 0008
006d 0065 006d 0065 0073 002e 0070 0079
496c 6f63 626c 6f62 0000 0010 0000 0117
0000 0258 ffff ffff ffff 0000 0000 0007
006d 0069 0073 0063 002e 0070 0079 496c
6f63 626c 6f62 0000 0010 0000 0185 0000
0258 ffff ffff ffff 0000 0000 0008 006e
006f 0074 0065 0073 002e 0070 0079 496c
6f63 626c 6f62 0000 0010 0000 01f3 0000
0258 ffff ffff ffff 0000 0000 0006 006f
0063 0072 002e 0070 0079 496c 6f63 626c
6f62 0000 0010 0000 003b 0000 02c8 ffff
ffff ffff 0000 0000 000b 0070 006d 0070
0065 0072 006d 0069 0074 002e 0070 0079
496c 6f63 626c 6f62 0000 0010 0000 00a9
0000 02c8 ffff ffff ffff 0000 0000 000a
0070 0072 006f 0066 0069 006c 0065 002e
0070 0079 496c 6f63 626c 6f62 0000 0010
0000 0117 0000 02c8 ffff ffff ffff 0000
0000 0008 0070 0075 0072 0067 0065 002e
0070 0079 496c 6f63 626c 6f62 0000 0010
0000 0185 0000 02c8 ffff ffff ffff 0000
0000 0009 0071 0072 0063 006f 0064 0065
002e 0070 0079 496c 6f63 626c 6f62 0000
0010 0000 01f3 0000 02c8 ffff ffff ffff
0000 0000 0009 0071 0075 006f 0074 006c
0079 002e 0070 0079 496c 6f63 626c 6f62
0000 0010 0000 003b 0000 0338 ffff ffff
ffff 0000 0000 000c 0072 0065 006d 006f
0076 0065 005f 0062 0067 002e 0070 0079
496c 6f63 626c 6f62 0000 0010 0000 00a9
0000 0338 ffff ffff ffff 0000 0000 000a
0072 0065 0076 0065 0072 0073 0065 002e
0070 0079 496c 6f63 626c 6f62 0000 0010
0000 0117 0000 0338 ffff ffff ffff 0000
0000 0009 0072 0065 0078 0074 0065 0073
0074 0065 0072 496c 6f63 626c 6f62 0000
0010 0000 0185 0000 0338 ffff ffff ffff
0000 0000 0006 0072 0067 0062 002e 0070
0079 496c 6f63 626c 6f62 0000 0010 0000
01f3 0000 0338 ffff ffff ffff 0000 0000
000b 0073 0061 006e 0067 006d 0061 0074
0061 002e
